0 0 1
9 0 2327
20 0 2060
30 0 2754
40 0 2431
50 0 1941
60 0 2822
70 0 2716
80 0 2807
91 0 2836
101 0 2520
113 0 2815
121 0 1235
131 0 1828
142 0 1393
154 0 1994
163 0 923
178 0 1591
194 0 1
196 0 2159
216 0 1048
231 0 1742
241 0 2646
253 0 2028
263 0 2824
273 0 2604
283 0 2183
293 0 1646
303 0 2619
314 0 2300
324 0 2789
334 0 2830
344 0 2557
354 0 2718
364 0 1948
374 0 2712
384 0 2112
394 0 2791
405 0 2632
415 0 1763
425 0 2832
435 0 2764
445 0 2451
455 0 1
199 4 259
216 5 385
186 6 310
167 7 320
178 7 922
154 8 743
169 8 1250
186 8 881
0 9 2326
9 9 1914
20 9 2302
30 9 1789
40 9 2598
60 9 2218
80 9 1740
91 9 2259
180 9 555
206 9 592
215 9 929
229 9 934
263 9 2603
273 9 1934
283 9 2338
293 9 2618
303 9 2299
314 9 2029
344 9 2697
353 9 2123
364 9 2351
374 9 1589
384 9 2336
395 9 2671
405 9 2273
415 9 2478
425 9 2080
435 9 2668
49 10 2148
69 10 2621
101 10 2022
110 10 1516
153 10 1
242 10 1225
252 10 1288
324 10 2558
334 10 1891
445 10 1902
455 10 2221
171 11 1
131 12 374
143 12 476
159 12 742
204 12 790
191 13 1
221 13 399
139 14 754
174 14 926
208 14 1407
215 14 1139
233 14 613
238 14 1
125 15 885
133 15 268
182 15 483
188 15 1416
210 15 274
116 16 1070
157 16 1404
235 16 1205
121 17 565
193 17 683
202 17 1176
115 18 1
144 18 578
150 18 1
162 18 827
169 18 1420
20 19 2061
29 19 1939
69 19 2411
80 19 2217
90 19 2023
242 19 614
263 19 2333
273 19 2783
324 19 2157
344 19 1942
353 19 2331
374 19 2337
395 19 1971
405 19 2477
425 19 2246
434 19 2486
0 20 2753
9 20 2166
39 20 2597
49 20 2423
59 20 1940
283 20 2121
293 20 1884
303 20 2733
313 20 1774
333 20 1711
363 20 1882
384 20 2111
415 20 1962
445 20 2610
455 20 2690
91 21 2536
101 21 263
116 21 973
226 21 380
252 21 1159
262 21 1364
228 22 1340
250 23 1
121 24 1301
128 24 699
139 26 959
181 26 692
106 27 573
108 27 411
131 27 1360
214 27 1325
221 27 1140
243 27 878
250 27 269
252 27 955
174 29 1283
189 29 1415
202 29 1177
235 29 1282
323 29 2134
333 29 2609
343 29 2044
353 29 2353
364 29 2740
374 29 2068
395 29 2341
404 29 1852
415 29 2532
0 30 2661
10 30 2374
20 30 1822
30 30 2679
40 30 2211
50 30 1640
60 30 2412
70 30 1937
80 30 2447
90 30 1211
210 30 1627
263 30 1050
273 30 2175
283 30 2487
292 30 2174
303 30 2073
313 30 2444
384 30 1919
424 30 2356
435 30 2790
445 30 2010
455 30 1817
82 31 1772
172 31 552
271 31 1577
160 32 1332
163 32 317
152 33 729
144 34 890
148 34 1386
175 34 1
97 35 801
99 35 219
119 35 1687
160 36 515
177 36 691
188 36 1
260 36 418
93 37 520
111 37 1232
131 37 1656
151 37 1
233 37 615
247 37 1329
256 37 718
98 38 863
134 38 1145
224 38 1642
10 39 2660
124 39 1571
143 39 486
157 39 999
182 39 375
197 39 456
200 39 1505
212 39 1338
230 39 1396
303 39 2407
314 39 1910
324 39 2539
334 39 1955
364 39 2468
374 39 1671
395 39 1752
404 39 2665
414 39 2104
424 39 1588
0 40 1893
20 40 2573
30 40 2812
39 40 2059
49 40 2210
60 40 1979
70 40 2173
81 40 1425
221 40 1479
271 40 1365
282 40 1977
292 40 2458
343 40 2501
354 40 1954
384 40 2516
435 40 2475
445 40 2186
455 40 2635
243 41 1417
135 42 1
280 42 2771
97 44 802
156 44 346
190 44 635
200 44 1156
207 44 897
259 44 457
142 45 591
147 45 1
162 45 842
166 45 267
266 45 772
84 46 1
111 46 1557
175 46 1
89 47 519
163 47 657
172 47 620
101 48 1585
109 48 1667
122 48 1439
245 48 1
10 49 2402
19 49 2167
303 49 2667
312 49 2308
333 49 2502
343 49 1456
364 49 2122
374 49 2479
385 49 2172
405 49 2270
415 49 1853
0 50 2168
30 50 1736
39 50 2494
49 50 1899
59 50 2655
70 50 437
280 50 624
292 50 2113
314 50 2751
323 50 1821
354 50 2282
394 50 2720
425 50 2476
435 50 2238
445 50 1778
455 50 2779
61 51 2310
124 51 412
182 51 425
190 51 1
221 51 1049
233 51 1322
249 51 1350
269 51 1
302 51 1710
145 52 829
196 52 745
214 52 765
235 52 1091
283 52 2473
125 53 952
143 53 463
183 53 716
217 53 1480
249 53 845
150 54 321
135 55 479
119 56 586
175 56 752
182 56 319
220 56 1
75 58 1
77 58 500
89 58 1192
99 58 1655
162 58 857
201 58 940
241 58 427
50 59 2524
111 59 1098
128 59 735
234 59 696
254 59 1
304 59 2144
313 59 2496
364 59 1953
374 59 1865
405 59 2649
414 59 2262
0 60 2435
9 60 1766
20 60 1929
30 60 2623
40 60 2346
61 60 1137
170 60 1206
177 60 1424
191 60 534
207 60 278
240 60 904
283 60 1528
324 60 2204
334 60 2050
344 60 2323
354 60 2575
384 60 2332
394 60 1976
425 60 2363
435 60 1964
445 60 2275
455 60 2837
134 61 234
152 61 939
266 61 1061
268 61 1442
270 61 480
293 61 2103
53 62 2774
239 62 1
65 63 1
236 63 1383
274 63 376
301 63 2633
110 64 1
119 64 417
289 64 1701
157 65 1
184 65 944
227 65 305
229 65 1320
236 65 688
251 65 377
273 65 1004
213 66 560
271 66 720
126 67 925
159 67 910
88 68 1609
100 68 1753
142 68 1
171 68 1371
190 68 1
204 68 751
218 68 945
30 69 2081
41 69 2730
53 69 1138
77 69 295
107 69 1443
234 69 820
253 69 561
303 69 1231
313 69 1911
364 69 2373
373 69 2048
395 69 2274
405 69 1936
435 69 2158
445 69 2579
0 70 1983
10 70 2114
20 70 2237
39 70 1862
64 70 1
79 70 1700
91 70 1855
120 70 1108
191 70 1411
232 70 1253
324 70 1747
334 70 2311
344 70 2717
354 70 1866
384 70 1838
414 70 2606
424 70 1784
455 70 2004
49 71 2585
69 71 526
103 71 1121
167 71 498
210 71 1251
223 71 856
259 71 997
141 72 538
199 72 1084
279 72 1
284 72 828
289 72 874
60 73 557
130 73 1035
175 73 1243
292 73 250
260 74 1199
244 75 1
298 75 1204
301 75 510
154 76 379
221 76 1525
114 77 806
213 77 218
128 78 1353
187 78 1134
200 78 1278
246 78 1193
272 78 1
313 78 1
39 79 2154
49 79 1693
81 79 1312
179 79 861
223 79 1361
234 79 883
270 79 1081
299 79 821
364 79 2295
373 79 1734
404 79 2146
414 79 2440
435 79 2315
444 79 1930
0 80 2848
9 80 2651
19 80 1611
30 80 2401
90 80 1786
99 80 1452
123 80 497
129 80 817
142 80 383
151 80 518
200 80 1463
232 80 1735
272 80 1612
324 80 1834
334 80 1337
344 80 2601
354 80 2092
384 80 2403
394 80 2713
424 80 2147
455 80 2379
57 81 517
242 81 1581
283 81 509
42 82 2782
162 82 715
175 82 210
275 82 841
321 82 991
71 83 1012
78 83 1143
129 83 1
150 83 722
254 83 750
306 83 700
55 84 543
104 84 1187
162 84 272
323 84 314
65 85 357
135 85 818
190 85 449
288 85 612
290 85 1356
102 86 1
113 86 273
257 86 1795
262 86 1316
314 86 1373
316 86 331
68 87 621
134 87 1287
190 87 1583
211 87 1102
274 87 1341
115 88 775
131 88 1227
221 88 1615
244 88 1148
30 89 2064
42 89 1863
203 89 1705
252 89 1496
344 89 1824
364 89 2042
374 89 2350
435 89 1754
445 89 2086
0 90 2796
9 90 2115
19 90 2534
53 90 1
78 90 444
89 90 1690
133 90 384
162 90 721
222 90 1718
232 90 1483
242 90 1673
264 90 378
275 90 1664
354 90 2456
384 90 2072
395 90 1622
405 90 2641
415 90 1970
425 90 2561
455 90 2692
172 91 460
190 91 1315
201 91 1464
329 91 846
333 91 793
53 92 605
149 92 1
184 92 690
281 92 1489
167 93 1000
296 93 1073
300 93 1401
341 93 1352
75 94 769
120 94 335
127 94 746
145 94 906
147 94 1492
92 95 2808
95 95 1409
124 95 1
129 95 528
172 95 1284
180 95 1
326 95 284
328 95 1226
61 96 701
112 96 545
75 97 1241
102 97 831
132 97 1099
149 97 709
152 97 1092
61 98 201
104 98 289
161 98 415
264 98 1756
314 98 1302
331 98 786
30 99 2422
40 99 2062
202 99 1677
211 99 1614
221 99 1484
232 99 596
254 99 1830
285 99 1093
288 99 1502
304 99 1553
352 99 1219
435 99 2562
444 99 2170
0 100 2652
9 100 2747
19 100 2776
58 100 604
73 100 1
112 100 867
137 100 527
182 100 1285
190 100 957
213 100 1757
243 100 1543
262 100 1497
271 100 1060
341 100 1131
354 100 2544
364 100 2184
374 100 1888
384 100 2537
394 100 2741
405 100 2599
415 100 2266
425 100 2169
455 100 1623
41 101 1679
103 101 658
192 101 1719
252 101 1648
316 101 805
87 102 1551
303 102 511
325 102 1376
111 103 1
113 103 544
133 103 206
139 103 905
274 103 1678
290 103 1
49 104 759
339 104 406
102 105 516
55 106 283
118 106 205
180 106 1538
71 107 496
75 107 1242
87 107 1017
102 107 462
171 107 1482
275 107 1399
150 108 1033
161 108 1303
329 108 448
335 108 872
202 109 1520
212 109 344
305 109 1210
342 109 1220
353 109 1546
0 110 1797
9 110 2535
20 110 2063
30 110 2770
38 110 1798
48 110 1
59 110 493
67 110 345
182 110 1712
192 110 1676
222 110 1647
232 110 1807
242 110 1649
303 110 220
364 110 2417
374 110 2038
384 110 2663
394 110 1992
405 110 2359
415 110 1809
425 110 2366
435 110 1993
445 110 1868
455 110 2492
77 111 768
92 111 1331
263 111 1554
281 111 1636
284 111 840
342 111 610
349 111 1
252 112 1055
292 112 1249
314 112 1354
361 112 1573
244 113 1827
266 113 597
268 113 1659
336 113 1133
67 114 1157
119 114 651
293 114 637
312 114 1041
45 115 356
60 115 734
73 115 303
78 115 1118
106 115 1
325 115 1375
58 116 1
69 116 1
118 116 907
137 116 731
141 116 1
113 117 392
129 117 285
151 117 1273
280 117 1275
172 118 1632
179 118 1787
349 118 611
31 119 1507
83 119 1
162 119 1722
202 119 1713
273 119 1083
306 119 901
340 119 1
9 120 1935
20 120 2728
92 120 1097
112 120 1172
129 120 650
146 120 685
170 120 1038
191 120 1765
211 120 1720
222 120 1721
232 120 1949
299 120 1066
395 120 2614
405 120 2283
415 120 2190
424 120 2727
0 121 2228
117 121 558
160 121 1423
181 121 641
243 121 1427
326 121 1129
361 121 970
373 121 2662
384 121 2223
435 121 2339
445 121 2491
455 121 2243
99 122 461
234 122 2280
286 122 962
311 122 1440
315 122 781
37 123 633
130 123 1016
340 123 1451
345 123 1074
35 124 1333
128 124 391
253 124 724
256 124 1
37 125 875
86 125 309
269 125 231
271 125 524
58 126 395
115 126 1
147 126 1274
60 127 668
340 127 921
349 127 808
360 127 1276
88 128 595
134 128 204
247 128 430
321 128 1240
324 128 1965
21 129 1768
160 129 230
221 129 1517
10 130 2334
171 130 1575
179 130 1715
201 130 1764
211 130 1519
233 130 1631
262 130 447
310 130 1067
325 130 324
351 130 1
404 130 1850
414 130 2449
424 130 1450
434 130 2814
0 131 2701
19 131 2155
30 131 1
46 131 1
139 131 873
158 131 1348
191 131 1658
203 131 1820
281 131 1
296 131 369
298 131 1270
373 131 2222
384 131 1760
394 131 2189
445 131 2013
455 131 2587
44 132 719
124 132 540
181 132 1518
214 132 1916
225 132 1324
257 132 1
283 132 1178
365 132 1767
103 133 625
170 133 1343
275 133 258
63 134 1
95 134 1
146 134 455
238 134 972
245 134 603
257 134 810
267 134 525
283 134 554
339 134 1111
353 134 1147
51 135 577
78 135 1
120 135 794
29 136 491
124 136 253
237 136 1
103 137 954
250 137 566
275 137 862
344 137 429
150 138 1217
236 138 837
300 138 1311
311 138 1481
313 138 1
353 138 833
104 139 211
243 139 1
19 140 1895
51 140 830
64 140 744
192 140 1782
213 140 1813
330 140 803
415 140 2297
425 140 2224
445 140 2285
455 140 1792
0 141 2485
10 141 2065
41 141 492
69 141 265
82 141 933
91 141 726
157 141 1541
170 141 1603
202 141 1595
224 141 1323
243 141 987
374 141 2082
384 141 2188
395 141 2014
405 141 2543
435 141 2457
32 142 834
136 142 454
159 142 951
181 142 1657
212 142 1245
285 142 396
305 142 963
362 142 1600
23 143 1020
53 143 1163
56 143 228
110 143 559
169 143 816
189 143 1426
225 143 838
238 143 943
324 143 1347
346 143 428
62 144 916
70 144 823
133 144 1
147 144 891
179 144 1228
295 144 1477
340 144 896
372 144 2555
33 145 1018
227 145 501
236 145 601
335 145 277
152 146 1
263 146 893
55 147 548
253 147 1165
272 147 397
319 147 966
24 148 1019
33 148 282
94 148 1398
102 148 441
260 148 431
296 148 1026
349 148 1057
66 149 639
136 149 536
145 149 672
246 149 714
10 150 2484
117 150 860
121 150 334
280 150 1100
308 150 546
343 150 785
359 150 594
373 150 795
384 150 2626
415 150 2015
425 150 2556
445 150 2051
455 150 2549
0 151 1508
77 151 549
110 151 656
138 151 1151
192 151 1594
201 151 1741
213 151 1833
230 151 372
258 151 984
326 151 1063
395 151 2542
405 151 2368
434 151 1886
19 152 1680
70 152 402
117 152 1
221 152 1
320 152 221
354 152 1470
382 152 2843
29 153 835
83 153 1
91 153 1686
163 153 815
202 153 979
300 153 1313
326 153 660
44 154 349
182 154 1402
210 154 1605
285 154 800
342 154 1
46 155 712
148 155 918
169 155 1351
174 155 616
180 155 930
187 155 227
244 155 1149
329 155 832
30 156 740
63 156 958
67 156 1
291 156 1
123 157 426
136 157 281
157 157 1
164 157 1531
168 157 1044
170 157 288
332 157 300
62 158 1574
79 158 381
151 158 1090
162 158 1173
312 158 1
341 158 1024
30 159 1
47 159 607
56 159 1
107 159 224
232 159 1188
245 159 1
368 159 1
382 159 1938
19 160 1737
63 160 638
225 160 1491
259 160 1125
297 160 741
321 160 386
343 160 472
352 160 965
394 160 2799
445 160 2292
455 160 2240
0 161 2533
9 161 2195
94 161 1007
128 161 809
133 161 1207
136 161 1363
175 161 822
184 161 1
186 161 1069
266 161 547
279 161 264
405 161 1759
415 161 2481
425 161 2291
434 161 2629
21 162 1806
97 162 539
197 162 599
201 162 1430
211 162 1431
224 162 1634
257 162 382
264 162 1
289 162 423
312 162 1527
360 162 436
376 162 1523
386 162 2627
252 163 983
303 163 1103
136 164 792
286 164 799
314 164 851
51 165 670
73 165 1
185 165 556
196 165 1298
250 165 1
112 166 1586
116 166 723
283 166 1106
342 166 1197
46 167 413
84 167 240
132 167 1
193 167 332
225 167 900
237 167 490
281 167 471
34 168 507
64 168 251
73 168 487
200 168 917
209 168 705
327 168 571
161 169 1010
196 169 880
283 169 1
296 169 858
303 169 1468
331 169 1
354 169 843
364 169 279
0 170 1968
10 170 2611
22 170 1901
73 170 988
77 170 727
99 170 631
108 170 1263
159 170 617
315 170 572
376 170 2699
385 170 2225
445 170 1684
455 170 2512
20 171 2711
121 171 993
151 171 1
205 171 1
210 171 1105
344 171 1804
354 171 202
395 171 2033
405 171 2576
415 171 2654
425 171 2769
435 171 2037
30 172 1564
79 172 343
148 172 1567
162 172 1271
171 172 422
372 172 707
383 172 2784
63 173 989
272 173 223
178 174 1
221 174 1432
251 174 468
89 175 470
148 175 1064
169 175 328
236 175 1
249 175 761
307 175 1593
332 175 581
354 175 953
41 176 313
53 176 488
57 176 855
71 176 682
175 176 459
205 176 502
211 176 475
245 176 237
272 176 1059
285 176 1604
360 176 576
69 177 1377
92 177 894
95 177 1
134 177 1444
241 177 341
295 177 1448
307 177 1256
318 177 241
338 177 297
41 178 1068
110 178 351
260 178 1
293 178 1702
342 178 1858
85 179 1
120 179 2180
144 179 484
0 180 2739
9 180 2191
30 180 1844
46 180 967
256 180 762
259 180 1164
273 180 1601
281 180 661
319 180 1029
383 180 2594
394 180 2231
445 180 2036
455 180 1864
20 181 2612
61 181 1185
131 181 2058
157 181 760
191 181 1
223 181 1142
328 181 693
344 181 689
352 181 1237
385 181 1881
405 181 2316
415 181 2227
425 181 2772
434 181 2349
33 182 1628
48 182 215
68 182 1
86 182 895
101 182 350
210 182 255
231 182 562
303 182 919
372 182 2528
106 183 782
247 183 575
320 183 1234
331 183 242
353 183 1
365 183 949
156 185 985
158 185 1
198 185 336
211 185 1053
247 185 1252
263 185 342
320 185 450
330 185 888
81 186 824
99 186 807
216 186 1
270 186 1987
56 187 854
101 187 325
182 187 232
218 187 1359
310 187 478
71 188 1015
107 188 225
120 188 1808
132 188 2696
284 188 1751
292 188 1641
34 189 1943
46 189 749
233 189 1749
303 189 1620
354 189 1454
0 190 2288
9 190 2530
21 190 2380
141 190 1869
171 190 1
199 190 1169
240 190 1521
261 190 1559
342 190 659
362 190 1150
375 190 2133
445 190 2117
455 190 2580
31 191 2800
44 191 1168
50 191 652
83 191 582
115 191 1
163 191 405
185 191 1
213 191 708
216 191 998
253 191 1467
274 191 1466
283 191 1921
295 191 1374
328 191 451
334 191 256
353 191 1996
383 191 2708
395 191 2047
405 191 1650
415 191 2676
425 191 1848
434 191 2442
78 192 388
81 192 1110
128 192 2826
151 192 986
62 193 1096
69 193 1499
197 193 1
324 193 758
305 194 1305
331 194 704
50 195 1
177 195 233
228 195 789
93 196 464
324 196 1
370 196 401
128 197 2840
214 197 254
218 197 567
305 197 1514
317 197 270
80 198 764
87 198 213
176 198 1036
197 198 1170
264 198 1744
271 198 2107
32 199 1879
114 199 574
140 199 2786
163 199 634
230 199 1540
294 199 1555
312 199 1182
0 200 2795
9 200 1738
108 200 1
153 200 1418
242 200 1672
250 200 1681
285 200 2151
336 200 452
342 200 1683
354 200 1783
363 200 950
383 200 2318
445 200 2239
455 200 2705
20 201 2381
30 201 2760
42 201 960
83 201 1031
97 201 1
120 201 1289
132 201 2256
375 201 1089
394 201 2742
404 201 2565
415 201 2404
425 201 2706
435 201 2006
142 202 2434
178 202 440
193 202 252
239 202 1094
261 202 2085
274 202 1876
284 202 1695
345 202 2670
54 203 780
72 203 523
174 203 1
197 203 299
199 203 1328
297 203 1
306 203 580
56 205 387
218 205 812
224 205 236
44 206 1814
187 206 1107
48 207 424
80 207 1
296 207 1613
216 208 914
333 208 2357
60 209 1
81 209 1161
189 209 618
263 209 1877
326 209 410
330 209 338
366 209 1526
0 210 2748
9 210 2052
83 210 368
109 210 1
121 210 2320
131 210 2682
142 210 2702
154 210 1694
165 210 513
204 210 730
214 210 1707
285 210 1800
306 210 1542
345 210 2008
355 210 1890
373 210 2729
20 211 2680
30 211 2636
39 211 2016
111 211 1803
133 211 1867
144 211 2279
163 211 1215
218 211 1
272 211 2120
294 211 1246
384 211 2131
394 211 2564
404 211 1981
415 211 2762
425 211 1967
435 211 2314
445 211 1791
455 211 2325
97 212 1883
242 212 465
250 212 627
304 212 927
313 212 928
363 212 2342
99 213 1023
157 213 1212
161 213 767
244 213 1723
273 213 2721
282 213 2078
340 213 1307
352 213 2525
92 214 702
232 214 280
319 214 337
58 215 485
188 215 868
225 215 778
245 215 1
258 215 2369
76 216 367
172 216 514
313 216 1449
50 217 1058
167 217 1009
223 217 508
67 218 247
193 218 521
56 219 248
73 219 961
144 219 2105
328 219 642
41 220 1652
122 220 1997
132 220 2643
155 220 1
176 220 1128
203 220 2792
239 220 222
258 220 1688
271 220 1560
304 220 1390
340 220 1268
352 220 1816
0 221 2845
10 221 2400
20 221 1815
30 221 2110
104 221 1441
110 221 1696
201 221 1071
212 221 1529
284 221 695
295 221 1579
313 221 537
363 221 1982
374 221 1892
384 221 2605
395 221 2413
405 221 2644
415 221 1849
425 221 2313
435 221 1698
445 221 2254
455 221 2817
91 222 286
140 222 2343
150 222 1457
192 222 1
246 222 503
263 222 1933
354 222 2200
81 223 1
99 223 980
119 223 2109
166 223 301
222 223 1382
233 223 1
343 223 2232
214 224 2462
231 224 935
247 224 1198
252 224 1
78 225 629
80 225 1280
308 225 1578
330 225 1
54 226 340
159 226 813
277 226 773
281 226 495
327 226 826
162 227 1318
321 227 1
54 228 1405
75 228 1261
231 228 443
308 228 1101
43 229 2827
191 229 643
295 229 327
318 229 1317
48 230 728
55 230 535
78 230 886
130 230 322
161 230 1458
202 230 673
20 231 2263
30 231 2552
41 231 2452
74 231 366
83 231 287
100 231 649
140 231 2453
149 231 1925
212 231 1202
264 231 1043
343 231 2024
364 231 2209
374 231 2500
384 231 2362
425 231 2132
435 231 2253
445 231 2584
455 231 1922
0 232 2810
10 232 2569
109 232 1565
121 232 512
133 232 2215
143 232 2752
178 232 990
225 232 1
284 232 884
293 232 1685
322 232 753
334 232 1269
353 232 2361
395 232 1771
405 232 2734
415 232 2510
154 233 1699
168 233 814
271 233 1455
305 233 1587
239 234 292
241 234 964
253 234 1387
93 235 504
111 235 390
178 235 1
57 236 1
95 236 847
195 236 1
223 236 646
319 236 1248
52 237 711
167 237 1389
215 237 1005
257 237 1054
315 237 238
74 238 1201
80 239 791
200 239 564
260 239 1
331 239 825
154 240 2021
203 240 1006
213 240 373
282 240 1547
306 240 1238
324 240 1
30 241 1945
41 241 1286
98 241 1
132 241 819
143 241 2099
171 241 1
295 241 1395
353 241 1689
364 241 2329
374 241 1975
425 241 2360
434 241 1825
445 241 2032
0 242 1843
9 242 2806
20 242 2150
64 242 530
77 242 1
86 242 371
123 242 1
177 242 663
267 242 394
303 242 1625
324 242 1436
343 242 2639
384 242 2709
394 242 2426
404 242 2344
415 242 1963
455 242 2416
50 243 1
109 243 316
151 243 2527
162 243 1633
251 243 432
334 243 1472
86 244 892
124 244 1309
139 244 1898
186 244 710
205 244 1
235 244 645
240 244 1
273 244 694
291 244 1856
314 244 1498
321 245 1065
124 246 482
175 246 1124
227 246 1
116 247 675
104 248 619
218 248 1115
238 248 531
277 248 1
324 248 757
93 249 1
117 249 1
257 249 1
51 250 529
64 250 1184
163 250 1750
216 250 352
229 250 644
291 250 2631
9 251 2455
39 251 1384
90 251 655
172 251 1342
180 251 879
314 251 981
434 251 2698
444 251 2124
455 251 1308
0 252 2070
20 252 2749
30 252 2193
76 252 1218
111 252 261
139 252 1568
151 252 2071
161 252 2430
274 252 302
304 252 1537
333 252 948
344 252 2514
354 252 1969
364 252 2522
374 252 2097
384 252 1836
394 252 2185
404 252 1572
415 252 2409
425 252 2031
130 253 1
187 253 298
246 253 354
251 253 598
257 253 296
283 253 908
294 253 1746
33 254 2846
53 254 203
70 254 1692
183 254 1257
192 254 733
315 254 1355
318 254 662
89 255 318
105 255 315
203 256 600
208 256 968
240 256 1
322 256 239
48 257 1162
84 257 978
129 257 542
259 257 1
184 258 1
107 259 589
109 259 1
130 259 889
203 259 1297
223 259 1114
225 259 353
33 260 2688
70 260 365
84 260 1281
193 260 732
251 260 329
273 260 1
0 261 2746
9 261 2296
123 261 1
140 261 982
162 261 1870
172 261 1534
182 261 1123
304 261 467
318 261 1077
332 261 977
435 261 2321
20 262 1842
30 262 2418
51 262 363
86 262 653
151 262 2355
202 262 1
282 262 1621
293 262 1873
344 262 2750
354 262 2513
364 262 2731
374 262 2759
384 262 2293
394 262 2328
405 262 2408
415 262 1906
425 262 2383
444 262 2675
455 262 2758
42 263 1785
97 263 1
107 263 909
149 263 2732
161 263 2498
214 263 969
336 263 2091
73 264 1209
94 264 522
190 264 1122
228 264 1
296 264 1445
132 265 262
317 265 876
326 265 400
91 266 416
136 266 1608
233 266 266
267 266 630
103 267 403
308 267 1022
111 268 703
115 268 393
129 268 326
233 268 941
256 269 1
265 269 312
42 270 569
117 270 679
195 270 453
213 270 1662
313 270 1
0 271 2364
9 271 1629
31 271 2687
73 271 1645
86 271 1
101 271 994
105 271 995
119 271 1
149 271 2129
161 271 2354
182 271 1504
206 271 836
234 271 489
282 271 2448
327 271 1239
394 271 1905
444 271 2125
20 272 2219
39 272 2135
151 272 1951
172 272 2079
184 272 1618
211 272 419
221 272 903
273 272 362
296 272 1584
307 272 1367
335 272 1260
345 272 2385
354 272 1788
364 272 2265
374 272 2521
384 272 2040
405 272 2119
415 272 2382
425 272 2030
434 272 1697
455 272 2828
140 273 532
246 273 1
257 273 361
284 273 1726
57 274 364
96 274 214
105 274 1
296 274 1369
341 274 2802
55 275 568
61 275 1
67 275 414
81 275 1506
128 275 1
210 275 877
325 275 771
328 275 947
53 276 770
88 276 433
92 278 1
130 278 1047
138 278 2095
223 278 2640
245 278 330
197 279 971
231 279 1669
260 279 686
319 279 474
184 280 2684
0 281 2723
9 281 2365
252 281 1
262 281 1126
271 281 1556
303 281 1368
308 281 1021
341 281 1473
353 281 2384
385 281 1639
395 281 2108
415 281 1802
425 281 2249
435 281 2548
445 281 2726
19 282 1985
30 282 2281
39 282 2591
51 282 1
62 282 293
116 282 446
141 282 2517
151 282 2205
161 282 1743
172 282 2571
182 282 2304
192 282 1533
211 282 1167
220 282 1606
310 282 869
364 282 2264
374 282 1861
405 282 2386
455 282 2622
41 283 956
128 283 1569
243 283 684
273 283 2012
283 283 1471
295 283 1576
303 283 466
344 283 2787
78 284 1191
199 284 777
237 284 1
309 284 1295
325 284 946
332 284 976
73 285 697
234 285 1224
243 285 1052
295 285 602
55 286 477
59 286 870
80 286 1381
84 287 698
105 287 1
309 287 246
311 287 1469
87 288 257
209 288 2421
60 289 687
114 289 664
139 289 2743
203 289 1
313 289 1174
79 290 1
129 290 1988
131 290 2797
222 290 1566
248 290 1189
331 290 1
0 291 1986
9 291 2220
41 291 2592
67 291 212
260 291 1346
344 291 1465
354 291 2613
385 291 1972
394 291 2656
415 291 2568
424 291 1913
435 291 2127
445 291 2547
19 292 2588
30 292 2074
49 292 1668
97 292 1
103 292 899
142 292 1920
151 292 2630
161 292 2278
172 292 1874
182 292 2415
191 292 1894
202 292 1777
295 292 1
334 292 1082
364 292 2011
374 292 2242
405 292 2686
455 292 2780
67 293 776
109 293 304
111 293 1072
121 293 1394
226 293 216
231 293 1011
283 293 1293
214 294 1839
262 294 1406
272 294 1607
351 294 2816
289 295 1304
295 295 1366
325 295 389
338 295 1255
234 296 593
241 296 217
247 296 1113
285 297 852
299 297 469
74 298 494
226 298 1319
293 298 747
301 298 1085
310 298 669
67 299 1
71 299 992
296 299 996
52 300 1769
59 300 1203
84 300 229
203 300 2503
214 300 2234
0 301 2464
9 301 2634
95 301 898
109 301 1259
121 301 1254
132 301 2689
140 301 2474
212 301 2756
237 301 481
242 301 1025
313 301 1493
325 301 1300
351 301 1704
363 301 2590
415 301 2737
425 301 2094
20 302 1801
30 302 2197
40 302 2406
50 302 2820
93 302 339
130 302 1779
151 302 2372
161 302 2007
172 302 2414
182 302 2267
192 302 2642
201 302 2245
374 302 1781
384 302 2284
394 302 2387
405 302 1709
435 302 2538
445 302 1731
455 302 2126
97 303 553
223 303 1181
230 303 811
232 303 1190
258 303 1267
260 303 311
299 303 1213
334 303 505
341 303 1
353 303 1826
284 304 271
287 304 541
272 305 1127
326 305 1040
269 306 1179
253 307 1112
295 307 1
339 307 1104
271 308 853
342 308 1549
72 309 1336
244 309 1153
312 309 1661
82 310 1380
110 310 1
236 310 1
242 310 915
254 310 579
279 310 632
61 311 1745
71 311 2526
95 311 1
120 311 1590
211 311 2017
223 311 1730
262 311 706
268 311 1
284 311 1
303 311 1086
314 311 1660
353 311 1408
424 311 2438
434 311 2198
0 312 2804
10 312 2106
20 312 2436
30 312 2677
40 312 2838
50 312 2620
129 312 2390
140 312 2087
151 312 1637
161 312 2432
172 312 1903
182 312 2691
192 312 1708
202 312 2550
233 312 1602
324 312 1321
364 312 2138
374 312 2454
384 312 2034
395 312 2324
405 312 2761
414 312 2294
444 312 2480
455 312 2290
92 313 736
282 313 1003
335 313 1062
116 314 458
249 314 276
362 314 2685
246 315 1262
332 315 1
341 315 438
348 315 1265
280 316 584
102 318 249
280 318 1014
266 319 1030
289 319 585
72 320 2069
255 320 674
81 321 1812
233 321 2235
325 321 1512
349 321 291
434 321 2439
0 322 1748
10 322 2035
20 322 2523
30 322 1952
40 322 2653
50 322 2171
60 322 2420
70 322 2666
91 322 550
118 322 1296
128 322 1793
140 322 1928
151 322 2216
162 322 2694
172 322 2586
182 322 2137
192 322 2441
202 322 2212
212 322 2531
222 322 1927
242 322 1290
262 322 1433
275 322 398
301 322 1558
313 322 1413
361 322 975
374 322 1966
384 322 2519
394 322 1790
405 322 2277
415 322 1912
425 322 1832
444 322 1924
455 322 1831
327 323 839
341 323 667
348 323 1385
104 324 755
273 324 1230
285 324 1136
100 325 551
118 325 626
279 326 306
245 328 2844
250 328 2834
93 329 1
103 329 294
334 329 787
349 330 974
71 331 2272
110 331 1
141 331 1154
151 331 1904
161 331 2098
272 331 1
289 331 671
0 332 2821
9 332 2493
20 332 1544
30 332 2206
40 332 1770
50 332 2367
60 332 1908
80 332 1663
116 332 871
118 332 1155
172 332 2693
182 332 2489
192 332 1947
202 332 2419
212 332 1530
222 332 2250
232 332 2054
242 332 2149
253 332 2309
263 332 1522
300 332 1196
313 332 1619
325 332 1428
349 332 1548
361 332 1494
373 332 1344
384 332 2025
394 332 2276
405 332 1978
415 332 2056
425 332 1617
435 332 2335
445 332 2096
455 332 2352
90 333 1144
129 333 275
337 333 1045
345 333 748
163 334 2529
170 334 2831
273 334 1403
288 334 1453
327 334 1160
123 335 590
278 335 1152
281 335 783
316 335 713
100 337 445
136 338 1034
141 338 622
151 338 1500
133 339 355
293 339 1195
349 339 1051
148 340 1
160 340 1339
304 340 1372
243 341 1878
252 341 2199
289 341 737
324 341 408
361 341 2738
373 341 2823
10 342 2026
20 342 2207
30 342 1837
40 342 2248
50 342 2595
60 342 2236
70 342 2118
79 342 1918
90 342 1046
102 342 920
172 342 1762
182 342 2084
232 342 1796
263 342 1630
273 342 1158
278 342 1294
280 342 226
300 342 1
338 342 1
425 342 2391
434 342 2055
445 342 2509
0 343 2625
180 343 2345
192 343 1845
202 343 2607
212 343 2093
222 343 2506
344 343 1175
356 343 1429
365 343 1616
375 343 2616
384 343 2745
395 343 2835
405 343 2511
415 343 1859
455 343 2775
104 344 1
314 344 1419
111 345 788
117 345 359
148 346 623
169 346 850
328 346 931
162 347 308
316 347 912
135 348 1
293 348 1146
347 348 902
130 349 563
132 349 1079
146 349 1095
148 349 360
325 349 1378
142 350 608
280 350 1078
112 351 676
124 351 235
275 351 654
290 351 370
303 351 924
312 351 1434
356 351 1562
20 352 2176
30 352 2247
40 352 2582
60 352 1776
70 352 2429
91 352 2781
99 352 2446
122 352 1008
191 352 2083
252 352 1926
263 352 1552
331 352 1379
365 352 2617
434 352 2443
444 352 1810
0 353 2805
10 353 2624
50 353 2005
80 353 2067
111 353 1474
170 353 506
181 353 1682
202 353 1761
212 353 2213
222 353 2637
232 353 2778
242 353 2196
275 353 1550
300 353 1310
374 353 2102
384 353 1725
395 353 2777
405 353 2241
415 353 2589
425 353 1946
455 353 2813
318 354 333
349 354 1180
361 354 2841
102 355 1829
166 355 1327
330 355 1141
163 356 1087
290 356 1511
335 356 409
158 357 1
153 358 725
281 358 1362
349 359 1
132 360 864
140 360 1171
273 360 1490
285 360 1132
305 360 648
314 360 1370
320 360 647
335 360 1130
113 361 1598
121 361 1186
293 361 1135
303 361 1563
361 361 2847
20 362 1915
30 362 2467
91 362 2703
101 362 2793
142 362 1435
150 362 1597
181 362 2375
263 362 1501
373 362 2683
0 363 2192
10 363 2714
40 363 1960
50 363 2695
60 363 2427
70 363 1840
80 363 2465
172 363 1624
191 363 1889
202 363 2145
212 363 2376
222 363 1956
232 363 2507
243 363 1651
253 363 2187
319 363 1488
324 363 1088
354 363 1229
384 363 1973
394 363 2505
405 363 2766
415 363 1811
425 363 2736
435 363 2208
445 363 2424
455 363 2648
111 364 2286
336 364 1495
364 364 2767
266 365 1665
276 365 882
342 365 866
266 367 1391
276 368 1638
313 369 1
328 369 290
153 370 2801
160 370 1027
305 370 1561
170 371 2722
303 371 774
50 372 1959
111 372 2681
121 372 2490
131 372 2152
141 372 1961
162 372 2289
181 372 2229
190 372 2669
283 372 1397
320 372 1535
322 372 1345
343 372 1485
353 372 1724
384 372 2504
394 372 2230
425 372 2002
435 372 2425
0 373 2809
9 373 1717
20 373 2466
30 373 2551
39 373 1510
59 373 2757
69 373 2396
80 373 2066
90 373 1917
101 373 2553
151 373 2136
172 373 1995
201 373 2053
212 373 1846
222 373 2508
232 373 2128
243 373 2252
254 373 1854
263 373 245
269 373 1272
292 373 1536
364 373 2615
374 373 2202
405 373 2803
415 373 2710
444 373 1999
455 373 2179
294 374 1509
193 375 2330
281 375 1
314 375 1002
332 375 1532
266 379 1335
309 379 1412
319 379 1299
273 380 1478
283 380 1438
331 381 2658
59 382 2459
152 382 2572
161 382 1818
182 382 2773
191 382 1823
273 382 1592
303 382 1266
323 382 1487
385 382 1857
394 382 2046
415 382 2153
425 382 2433
434 382 1524
444 382 2305
0 383 2405
10 383 2540
20 383 2027
30 383 2785
39 383 2672
49 383 1896
69 383 1654
80 383 2181
91 383 2602
101 383 2348
111 383 1944
121 383 2268
131 383 1819
141 383 2003
172 383 2261
212 383 2581
222 383 2437
232 383 2765
243 383 1885
280 383 1042
344 383 1980
354 383 2541
364 383 2763
374 383 2608
405 383 2596
455 383 2744
203 384 2450
253 384 1714
294 384 1349
334 384 2141
263 385 1739
201 386 1635
194 387 2460
305 387 323
276 388 439
292 388 1080
314 388 606
264 390 1610
285 390 1277
309 390 1596
183 391 2566
283 391 1446
10 392 2000
50 392 2392
60 392 2139
91 392 1841
152 392 2041
191 392 1476
212 392 1989
233 392 2317
242 392 2100
273 392 1545
309 392 666
323 392 1486
374 392 2768
384 392 2358
424 392 1974
435 392 2130
445 392 2560
455 392 1675
0 393 2001
19 393 2287
30 393 2673
40 393 2089
70 393 2515
80 393 2298
100 393 2647
110 393 2347
121 393 2140
131 393 2645
141 393 2257
161 393 2260
172 393 2567
292 393 1
333 393 1075
344 393 2142
354 393 2788
364 393 2165
394 393 2045
404 393 1755
414 393 2482
221 394 1410
173 395 2825
180 395 583
253 395 1437
318 395 1236
231 396 2570
244 396 2674
261 396 1727
321 396 784
194 398 1
196 398 937
318 398 1
205 399 938
303 399 533
270 400 766
202 401 570
232 401 1244
242 401 1013
276 401 1475
303 401 1233
322 401 844
19 402 1780
50 402 1733
60 402 2388
100 402 2578
210 402 244
280 402 435
333 402 1076
415 402 2798
435 402 2370
445 402 2226
455 402 2657
0 403 2811
9 403 1900
30 403 2160
40 403 2488
70 403 1950
80 403 2340
90 403 2039
110 403 1716
121 403 2554
131 403 1984
141 403 1599
151 403 2258
161 403 2678
171 403 1414
265 403 1247
294 403 942
343 403 1503
354 403 2559
364 403 1931
374 403 2399
384 403 1644
394 403 2143
404 403 2659
424 403 2233
289 404 207
306 404 911
216 405 717
219 405 609
278 405 1117
313 405 665
331 405 442
188 406 421
205 406 849
230 408 797
249 408 348
252 408 1462
256 408 1334
312 408 1
316 408 1032
210 409 243
219 409 1194
260 409 636
285 409 1116
177 410 420
190 410 1001
199 410 936
236 410 1
292 410 1291
175 411 1028
225 411 407
255 411 738
266 411 1
296 411 859
317 411 1216
20 412 2395
30 412 2628
50 412 2445
59 412 2049
162 412 1214
282 412 434
354 412 2461
424 412 2755
435 412 1732
445 412 2428
0 413 2162
9 413 2704
40 413 1957
70 413 1871
80 413 1728
90 413 2244
101 413 2075
111 413 2469
121 413 2076
131 413 1875
141 413 2306
152 413 1998
244 413 640
268 413 1119
323 413 499
334 413 1
343 413 1570
363 413 2664
374 413 2101
384 413 2563
394 413 1851
404 413 2483
414 413 1907
455 413 2018
264 414 739
266 414 1515
300 414 358
302 414 1183
142 415 2090
176 415 1120
235 415 796
241 415 1326
305 415 756
264 416 1279
165 417 1357
167 417 779
175 417 763
255 417 347
175 419 1056
187 419 848
180 420 1459
201 420 1835
211 420 1582
221 420 1461
232 420 1166
314 420 1039
163 421 1037
223 421 1643
50 422 2203
59 422 2600
141 422 1799
309 422 1422
324 422 1306
363 422 1773
0 423 2794
9 423 2583
20 423 2161
30 423 1653
40 423 2546
69 423 2201
80 423 2182
90 423 1932
101 423 2303
111 423 1794
121 423 2319
131 423 2574
153 423 1666
155 423 1
192 423 1897
275 423 588
283 423 1447
333 423 1392
343 423 865
353 423 2177
374 423 2397
384 423 2269
395 423 2700
405 423 2178
415 423 2043
425 423 2470
435 423 2088
445 423 2312
455 423 2371
162 424 260
321 424 2497
292 425 1221
285 426 887
147 428 1388
151 428 1292
167 428 1
253 428 1264
295 428 587
306 428 1
262 429 913
151 430 681
158 430 677
235 430 1706
244 430 932
258 430 1513
161 431 1314
179 431 1703
213 431 1909
268 431 1421
321 431 2577
50 432 2389
59 432 1775
132 432 1670
170 432 1330
181 432 2019
191 432 2271
203 432 2214
223 432 1691
277 432 1258
293 432 1222
300 432 1109
333 432 1990
445 432 1847
455 432 2593
0 433 2398
10 433 1887
20 433 2255
30 433 2545
40 433 1958
69 433 2009
80 433 1872
90 433 2410
100 433 1400
111 433 2156
121 433 2463
143 433 307
201 433 1758
233 433 1626
267 433 404
285 433 798
288 433 1200
313 433 1580
324 433 2322
344 433 2301
354 433 1991
364 433 2307
374 433 1880
384 433 2719
395 433 2163
405 433 2725
415 433 2471
425 433 1923
435 433 2393
275 434 208
142 440 1208
148 440 680
0 443 1
10 443 2833
20 443 2819
30 443 2077
40 443 2707
50 443 1729
60 443 2251
70 443 2499
80 443 2057
90 443 2518
100 443 2839
111 443 2818
121 443 2842
132 443 1539
142 443 804
147 443 1
160 443 678
180 443 1460
191 443 2020
201 443 2378
212 443 2116
222 443 1860
236 443 473
246 443 1358
253 443 1
269 443 628
277 443 209
301 443 1223
312 443 2495
324 443 2715
334 443 1805
344 443 2638
354 443 2377
364 443 2829
374 443 2735
384 443 2164
395 443 2724
405 443 2472
415 443 1674
425 443 2394
435 443 2650
445 443 2194
455 443 1
